food_delivery_gym/FoodDelivery-medium-obj1-v0:
  n_timesteps: 18000000
  policy: 'MultiInputPolicy'
  n_envs: 4 
  learning_rate: 0.0012385994626143365
  ent_coef: 4.346389035215521e-07
  clip_range: 0.2
  n_steps: 512
  batch_size: 32
  n_epochs: 1
  gamma: 0.995774212877831459
  gae_lambda: 0.9230863694972054
  max_grad_norm: 0.5730007621571269
  normalize: true